   Long    Lat   Vlsr       Dist sigma_D    Prob     Arm     ExtraInformation
   0.24   0.01   44.4        8.4    0.60    0.44     3kF     G000.2386+0.0090    
   0.26   0.02   41.0        8.4    0.60    0.57     ...     G000.2579+0.0182    
   0.26   0.04   28.4        8.4    0.60    0.34     Per     G000.2649+0.0356    
   0.30   0.04   17.4      14.49    0.28    0.44     Per     G000.2960+0.0438    
   0.31  -0.15   19.7      13.63    0.24    0.31     SgF     G000.3069-0.1547    
   0.31  -0.10   96.2      13.30   11.10    0.76     ...?    G000.3149-0.0989    
   0.48  -0.01   30.3      14.50    0.28    0.37     Per     G000.4766-0.0068    
   0.49   0.02   55.1      10.83    0.24    0.97     3kF     G000.4942+0.0194    
   0.52  -0.11   29.5      14.49    0.31    0.33     Per     G000.5151-0.1057    
   0.54  -0.63   17.1       3.29    0.12    0.54     ScN     G000.5351-0.6329    
   0.68  -0.13  -49.5       5.15    0.23    0.56     3kN     G000.6840-0.1259    
   0.85  -0.03   90.6      12.07    4.66    0.87     ...?    G000.8467-0.0292    
   1.17   0.09   36.3       8.35    0.26    0.57     ...     G001.1738+0.0936    
   1.47   0.04   94.4      11.68    4.69    0.85     ...?    G001.4727+0.0399    
   1.52  -0.11   52.4      10.68    0.24    0.50     3kF     G001.5229-0.1140    
   1.60   0.02 -192.3      12.96    4.48    0.86     ...?    G001.5979+0.0246    
   1.65  -0.06  -35.1      14.90    2.84    0.44     ...     G001.6486-0.0631    
   1.67  -0.14   52.2       8.30    0.23    0.65     ...     G001.6662-0.1394    
   2.94   0.13  145.1      16.00    2.54    0.55     ...?    G002.9402+0.1305    
   3.24   0.63   40.7       3.96    1.57    0.49     ...?    G003.2413+0.6334    
   3.43  -0.57    1.2       2.92    0.15    0.88     ScN     G003.4350-0.5719    
   5.39   0.19   10.6       2.94    0.15    0.79     ScN     G005.3876+0.1874    
   5.85  -0.24   16.7       2.96    0.15    0.73     ScN     G005.8523-0.2397    
   5.89  -0.46    9.2       2.93    0.15    0.89     ScN     G005.8893-0.4565    
   6.21  -0.59   18.4       2.95    0.15    0.93     ScN     G006.2130-0.5937    
   7.34  -0.00   19.8       2.97    0.16    0.37     ScN     G007.3449-0.0001    
   8.05  -0.24   39.2      10.95    0.21    0.69     ScF     G008.0495-0.2433    
   8.11   0.26   18.9       2.98    0.22    0.46     ScN     G008.1102+0.2591    
   8.12   0.26   19.3       2.99    0.23    0.45     ScN     G008.1232+0.2573    
   8.26   0.17   18.4       3.01    0.24    0.31     ScN     G008.2629+0.1680    
   8.54  -0.34   37.1       4.45    0.23    0.67     Nor     G008.5441-0.3421    
   8.73  -0.40   39.1       4.47    0.24    0.73     Nor     G008.7264-0.3959    
   9.95  -0.37   12.8       3.12    0.21    0.44     ScN     G009.9517-0.3649    
  10.07  -0.41   11.4       3.11    0.21    0.40     ScN     G010.0676-0.4076    
  10.11  -0.42   11.5       3.11    0.21    0.40     ScN     G010.1065-0.4168    
  10.14  -0.41   10.6       3.12    0.22    0.37     ScN     G010.1365-0.4108    
  10.18  -0.41   15.3       3.12    0.21    0.57     ScN     G010.1839-0.4050    
  10.19  -0.39   10.6       3.12    0.21    0.37     ScN     G010.1904-0.3884    
  10.20  -0.29   10.8       3.12    0.21    0.27     ScN     G010.1976-0.2876    
  10.20  -0.32   10.6       3.12    0.21    0.28     ScN     G010.1984-0.3164    
  10.21  -0.31   11.3       3.12    0.21    0.26     ScN     G010.2144-0.3051    
  10.22  -0.36   11.8       3.12    0.21    0.39     ScN     G010.2190-0.3632    
  10.25  -0.11   13.3      14.56    0.31    0.32     Per     G010.2488-0.1101    
  10.58  -0.35   -2.6      16.61    0.72    0.59     Out     G010.5785-0.3491    
  10.60  -0.36   -3.3      16.79    0.83    0.58     Out     G010.5959-0.3638    
  10.62  -0.03   64.0      10.70    0.20    1.00     ScF     G010.6174-0.0304    
  10.62  -0.51   -4.1      18.13    1.24    0.49     ...     G010.6233-0.5091    
  10.63  -0.50   -2.9      17.94    1.17    0.46     ...     G010.6333-0.4978    
  10.66   0.08   19.6      14.51    0.31    0.31     Per     G010.6627+0.0811    
  10.68  -0.31   18.9       3.09    0.24    0.58     ScN     G010.6847-0.3071    
  10.98  -0.37   -0.6      16.54    0.65    0.50     Out     G010.9823-0.3677    
  11.10  -0.11   29.8       3.03    0.33    0.46     ScN     G011.0970-0.1093    
  11.38   0.81   26.8       2.82    0.31    0.84     ScN     G011.3811+0.8103    
  12.36   0.42   30.9       2.96    0.29    0.97     ScN     G012.3628+0.4214    
  12.67  -0.10   55.0      10.73    0.23    0.57     ScF     G012.6738-0.0998    
  12.70  -0.15   34.7       3.04    0.32    0.58     ScN     G012.7025-0.1452    
  12.74  -0.10   55.5      10.72    0.23    0.59     ScF     G012.7359-0.1024    
  12.86  -0.21   32.7       3.00    0.31    0.68     ScN     G012.8572-0.2088    
  12.95  -0.25   34.0       3.02    0.31    0.72     ScN     G012.9459-0.2488    
  13.28   0.23   16.9       1.84    0.08    0.42     SgN     G013.2826+0.2272    
  14.02  -0.16   41.2       3.19    0.46    0.45     ScN     G014.0177-0.1603    
  14.18  -0.23   39.7       3.12    0.41    0.58     ScN     G014.1842-0.2280    
  14.23  -0.18   37.5       3.06    0.37    0.58     ScN     G014.2314-0.1758    
  14.33  -0.53   19.7       1.85    0.09    0.61     SgN     G014.3280-0.5328    
  14.38  -0.13   25.0      13.32    0.25    0.46     SgF     G014.3848-0.1308    
  14.47  -0.09   38.1       3.09    0.39    0.51     ScN     G014.4683-0.0857    
  14.49  -0.13   39.7       3.15    0.43    0.51     ScN     G014.4876-0.1274    
  14.69  -0.22   37.7       3.06    0.37    0.64     ScN     G014.6858-0.2234    
  14.73  -0.20   37.5       3.06    0.37    0.61     ScN     G014.7258-0.2031    
  15.01   0.01   24.6      13.32    0.26    0.37     SgF     G015.0060+0.0090    
  15.02  -0.62   19.7       1.85    0.09    0.68     SgN     G015.0201-0.6201    
  15.12  -0.56   19.6       1.85    0.09    0.68     SgN     G015.1239-0.5584    
  15.22  -0.43   22.7       1.87    0.11    0.62     SgN     G015.2169-0.4267    
  15.23  -0.84   15.6       1.83    0.08    0.72     SgN     G015.2277-0.8391    
  15.23  -0.61   20.5       1.86    0.10    0.67     SgN     G015.2317-0.6097    
  15.26  -0.62   21.6       1.86    0.10    0.64     SgN     G015.2576-0.6158    
  15.50  -0.42   39.7       3.15    0.38    0.90     ScN     G015.5022-0.4201    
  15.72  -0.59   17.8       1.83    0.07    0.71     SgN     G015.7173-0.5948    
  16.30  -0.53   38.3       3.20    0.27    0.87     ScN     G016.3013-0.5251    
  16.42  -0.63   41.1       3.35    0.21    1.00     ScN     G016.4210-0.6344    
  17.07   0.82   20.0       1.85    0.13    1.00     SgN     G017.0658+0.8213    
  18.06  -0.31   46.9       3.39    0.18    1.00     ScN     G018.0641-0.3081    
  18.10  -0.35   45.4       3.37    0.18    1.00     ScN     G018.0982-0.3545    
  18.10  -0.34   56.8       3.55    0.24    0.68     ScN     G018.0986-0.3431    
  18.10  -0.31   51.0       3.45    0.20    0.91     ScN     G018.1042-0.3058    
  18.18  -0.30   49.1       3.41    0.19    1.00     ScN     G018.1750-0.2985    
  18.80  -0.30   65.5       4.95    0.31    0.59     Nor     G018.8008-0.2958    
  18.84  -0.38   61.0       3.60    0.26    0.60     ScN     G018.8441-0.3758    
  18.93  -0.03   43.6       3.33    0.18    0.80     ScN     G018.9295-0.0289    
  19.57  -0.10   63.2       5.11    0.36    0.47     Nor     G019.5732-0.1006    
  19.59  -0.08   60.8      11.57    0.42    0.38     ...     G019.5892-0.0799    
  22.37   0.38   84.2       5.42    0.36    0.85     Nor     G022.3685+0.3814    
  22.53  -0.19   75.9       4.98    0.59    0.81     Nor     G022.5309-0.1927    
  22.69  -0.45   76.8       4.90    0.61    1.00     Nor     G022.6919-0.4519    
  22.72  -0.27   72.8       4.64    0.68    0.89     Nor     G022.7215-0.2733    
  23.27  -0.36   75.6       4.52    0.72    0.66     ScN     G023.2674-0.3559    
  23.27  -0.21   77.3       4.74    0.57    0.58     ...     G023.2694-0.2097    
  23.28  -0.22   78.4       4.89    0.60    0.61     Nor     G023.2778-0.2149    
  23.28  -0.20   78.0       4.83    0.58    0.58     Nor     G023.2826-0.2007    
  23.30   0.06   54.8       3.63    0.26    0.70     ScN     G023.2957+0.0556    
  23.30  -0.25   82.2       5.44    0.51    0.89     Nor     G023.2989-0.2501    
  23.32  -0.08   96.9       5.82    0.25    0.91     Nor     G023.3222-0.0775    
  23.33  -0.21   79.4       5.33    0.66    0.87     Nor     G023.3339-0.2111    
  23.38  -0.13   98.4       5.85    0.24    0.95     Nor     G023.3760-0.1293    
  23.46  -0.23  103.4       5.93    0.23    1.00     Nor     G023.4556-0.2301    
  23.47   0.10   85.4       5.57    0.43    0.49     Nor     G023.4742+0.1037    
  23.48   0.11   85.4       5.56    0.43    0.49     Nor     G023.4771+0.1147    
  23.52   0.24   82.2       5.40    0.60    0.48     Nor     G023.5176+0.2425    
  23.89   0.41   89.1       9.23    0.28    0.67     ScF     G023.8923+0.4071    
  23.98   0.15   77.2       4.43    0.72    0.41     ScN     G023.9790+0.1498    
  24.02   0.21  105.0       5.98    0.23    0.85     Nor     G024.0179+0.2107    
  24.02   0.24   96.2       9.21    0.26    0.51     ScF     G024.0234+0.2431    
  24.05  -0.21   81.1       4.80    0.69    0.46     ...     G024.0492-0.2145    
  24.26   0.10   99.4       5.89    0.24    0.63     Nor     G024.2583+0.1022    
  24.35   0.06  117.2       7.29    1.02    0.84     ...     G024.3462+0.0626    
  24.43   0.32  114.1       6.81    0.79    0.48     ...     G024.4326+0.3238    
  24.52  -0.14   90.3       5.73    0.32    0.58     Nor     G024.5245-0.1397    
  24.53   0.32  107.8       6.02    0.23    0.76     Nor     G024.5269+0.3232    
  24.55  -0.21  100.6       5.91    0.23    0.92     Nor     G024.5458-0.2144    
  24.56   0.34  107.4       6.02    0.23    0.73     Nor     G024.5611+0.3413    
  24.67  -0.12  112.2       6.07    0.26    1.00     Nor     G024.6669-0.1154    
  24.69  -0.13  108.2       6.02    0.23    0.91     Nor     G024.6897-0.1253    
  24.74   0.16  107.4       6.02    0.23    0.70     Nor     G024.7441+0.1624    
  25.15  -0.29   63.5       3.74    0.30    1.00     ScN     G025.1526-0.2906    
  25.80   0.27  110.5       8.67    0.33    1.00     ScF     G025.8048+0.2712    
  26.29   0.13  111.3       8.51    0.39    1.00     ScF?    G026.2895+0.1343    
  26.34   0.14  110.5       8.52    0.36    1.00     ScF?    G026.3438+0.1365    
  26.58  -0.32  108.3       6.51    0.91    0.58     ...?    G026.5753-0.3244    
  27.46   0.12  100.4       8.40    0.33    0.89     ScF     G027.4646+0.1189    
  28.19  -0.07   98.2       8.19    0.41    0.81     ScF     G028.1943-0.0747    
  28.27  -0.17   79.6       4.50    0.29    1.00     ScN     G028.2726-0.1666    
  28.52  -0.25   87.3       4.69    0.35    0.89     ScN     G028.5246-0.2519    
  28.54  -0.24   84.3       4.62    0.31    1.00     ScN     G028.5413-0.2371    
  29.56   0.19   79.8       4.58    0.30    1.00     ScN     G029.5561+0.1861    
  29.84  -0.03  100.2       7.67    0.47    0.65     ScF     G029.8406-0.0342    
  29.92  -0.01   95.8       7.66    0.59    0.52     ScF     G029.9206-0.0140    
  29.94  -0.79   98.9       5.85    1.82    0.82     ScF?    G029.9405-0.7886    
  30.01  -0.12   98.9       6.89    1.13    0.64     ScF     G030.0062-0.1192    
  30.06   0.10   97.6       6.75    1.27    0.71     ScF     G030.0556+0.0995    
  30.42  -0.21  104.4       7.23    0.64    1.00     ScF     G030.4235-0.2142    
  30.57  -0.03   87.9       4.86    0.39    0.92     ScN     G030.5682-0.0258    
  30.66   0.04   81.9       4.66    0.33    1.00     ScN     G030.6574+0.0446    
  30.68  -0.04   89.5       4.99    0.36    0.64     ScN     G030.6783-0.0386    
  30.69  -0.03   89.5       5.00    0.36    0.64     ScN     G030.6858-0.0306    
  30.79  -0.12   92.3       5.31    1.14    0.41     ScN     G030.7912-0.1173    
  30.79   0.07   36.4       2.06    0.09    0.83     SgN     G030.7941+0.0736    
  30.81  -0.02   95.1       5.77    0.84    0.42     ScF     G030.8130-0.0235    
  30.84   0.18   96.7       6.52    1.09    0.77     ScF     G030.8447+0.1775    
  30.85  -0.11   99.8       6.34    0.70    0.61     ScF     G030.8523-0.1086    
  30.86   0.04   92.1       5.13    0.35    0.66     ScN     G030.8620+0.0392    
  30.86  -0.04   94.4       5.65    0.82    0.39     ScF     G030.8624-0.0394    
  30.87  -0.12  101.3       6.91    0.82    1.00     ScF     G030.8666-0.1197    
  31.15   0.26  102.3       6.62    0.76    1.00     ScF     G031.1496+0.2650    
  31.39   0.31   95.7       5.99    0.79    0.79     ScF     G031.3944+0.3067    
  31.70  -0.19  104.0       6.67    0.72    1.00     ScF     G031.6972-0.1871    
  32.00  -0.20   96.6       6.10    0.80    0.71     ScF     G032.0016-0.1987    
  33.13  -0.02  102.8       6.54    0.51    1.00     ScF     G033.1345-0.0221    
  33.20   0.02  101.2       6.50    0.52    1.00     ScF     G033.2011+0.0194    
  33.42   0.12   83.1       5.24    0.29    0.90     AqS     G033.4196+0.1249    
  33.45  -0.08  109.2       6.55    0.48    1.00     ScF     G033.4526-0.0810    
  33.62  -0.03  103.6       6.50    0.48    1.00     ScF     G033.6218-0.0335    
  34.74  -0.12   79.0       4.77    0.40    1.00     AqS     G034.7391-0.1197    
  34.78  -0.57   41.3       2.20    0.14    1.00     SgN     G034.7798-0.5671    
  35.20  -0.73   33.9       2.19    0.13    1.00     SgN     G035.2006-0.7253    
  35.44  -0.01   94.9       5.83    0.57    0.76     ScF     G035.4440-0.0089    
  43.14  -0.06    5.9      11.54    0.40    0.83     Per     G043.1401-0.0592    
  43.23  -0.04    6.2      11.52    0.39    0.95     Per     G043.2256-0.0391    
  45.42   0.08   55.5       7.96    0.36    0.92     SgF     G045.4212+0.0838    
  45.54   0.14   58.6       7.84    0.39    0.89     SgF     G045.5356+0.1411    
  48.89  -0.27   67.3       5.69    0.54    1.00     SgF     G048.8905-0.2649    
  49.05  -0.33   65.2       5.82    0.66    1.00     SgF     G049.0548-0.3340    
  49.25  -0.41   66.1       5.82    0.62    1.00     SgF     G049.2527-0.4106    
  49.32  -0.35   67.6       5.77    0.60    1.00     SgF     G049.3228-0.3461    
  49.35  -0.35   67.6       5.77    0.60    1.00     SgF     G049.3538-0.3538    
  49.40  -0.23   50.8       5.02    0.87    0.61     SgN     G049.4011-0.2263    
  49.41  -0.35   63.9       5.82    0.63    1.00     SgF     G049.4134-0.3537    
  49.47  -0.30   60.5       5.81    0.72    1.00     SgF     G049.4739-0.2957    
  49.49  -0.29   61.5       5.80    0.68    1.00     SgF     G049.4909-0.2857    
  49.53  -0.35   57.8       5.79    0.82    1.00     SgF     G049.5300-0.3478    
 305.09   0.25  -39.9       6.15    0.96    0.61     ...?    G305.0943+0.2510    
 305.10   0.09  -34.5       6.79    0.89    0.64     ...?    G305.0955+0.0877    
 305.15   0.05  -36.7       6.58    0.91    0.63     ...?    G305.1543+0.0477    
 305.17   0.01  -32.5       7.02    0.86    0.67     ...?    G305.1721+0.0079    
 305.24  -0.02  -28.4       7.43    0.79    0.73     ...?    G305.2350-0.0231    
 305.26   0.33  -39.3       6.22    0.94    0.57     ...?    G305.2581+0.3275    
 305.27  -0.03  -32.2       7.08    0.85    0.67     ...?    G305.2719-0.0309    
 305.32   0.31  -40.3       6.15    0.95    0.58     ...?    G305.3187+0.3130    
 305.38   0.26  -36.5       6.60    0.91    0.60     ...?    G305.3834+0.2565    
 305.41   0.21  -38.5       6.44    0.93    0.61     ...?    G305.4126+0.2061    
 305.55  -0.06  -41.5       5.53    1.66    1.00     ...?    G305.5476-0.0559    
 305.59   0.46  -36.5       6.47    0.96    0.52     ...?    G305.5890+0.4609    
 307.61  -0.29  -36.8       7.29    0.85    0.61     ...?    G307.6099-0.2937    
 317.36   0.13  -44.2       9.49    0.54    0.76     ...?    G317.3645+0.1283    
 317.39   0.12  -41.2       9.69    0.53    0.78     ...?    G317.3887+0.1195    
 320.25  -0.19  -11.4      12.08    0.53    0.92     ...?    G320.2512-0.1894    
 320.27   0.29  -32.1      10.80    0.49    0.69     ...?    G320.2715+0.2920    
 320.34  -0.15   -9.0      12.24    0.51    0.95     ...?    G320.3385-0.1534    
 326.28  -0.59  -62.1       3.71    0.46    0.89     ...?    G326.2828-0.5924    
 326.49   0.88  -39.3       2.46    0.45    1.00     ...?    G326.4923+0.8820    
 326.57   0.12  -74.5       9.51    0.50    0.66     ...?    G326.5654+0.1249    
 326.61   0.81  -36.7       2.34    0.45    1.00     ...?    G326.6123+0.8109    
 326.70   0.57  -42.0       2.65    0.45    0.92     ...?    G326.6950+0.5691    
 326.81  -0.11  -55.9      10.61    0.46    0.75     ...?    G326.8051-0.1112    
 326.87   0.07  -49.9      10.95    0.46    0.79     ...?    G326.8693+0.0720    
 327.00  -0.02  -58.8      10.49    0.46    0.76     ...?    G326.9980-0.0159    
 327.07  -0.29  -60.3      10.38    0.45    0.58     ...?    G327.0678-0.2901    
 327.12  -0.30  -59.1      10.45    0.45    0.57     ...?    G327.1177-0.2953    
 327.23  -0.50  -48.5       3.00    0.45    0.82     ...?    G327.2309-0.5041    
 327.26  -0.61  -46.5       2.89    0.45    0.95     ...?    G327.2585-0.6051    
 327.29  -0.20  -62.5      10.31    0.46    0.67     ...?    G327.2927-0.1955    
 327.99  -0.71  -40.9       2.59    0.45    1.00     ...?    G327.9866-0.7124    
 328.14  -0.11  -88.7       8.88    0.62    0.60     ...?    G328.1434-0.1092    
 328.21  -0.59  -42.6       2.70    0.45    0.95     ...?    G328.2075-0.5865    
 328.22  -0.59  -44.1       2.77    0.45    0.95     ...?    G328.2188-0.5922    
 328.30  -0.55  -41.8       2.66    0.45    0.91     ...?    G328.2959-0.5493    
 328.30  -0.51  -43.8       2.77    0.45    0.85     ...?    G328.2972-0.5130    
 328.30  -0.52  -43.9       2.77    0.45    0.87     ...?    G328.2988-0.5242    
 328.32   0.45  -91.6       5.52    0.66    0.58     ...?    G328.3188+0.4516    
 328.42   0.58 -100.9       6.58    1.17    1.00     ...?    G328.4197+0.5845    
 329.26  -0.31  -74.0       9.96    0.46    0.52     ...?    G329.2580-0.3135    
 329.37  -0.28  -74.8       9.94    0.46    0.55     ...?    G329.3748-0.2846    
 330.85  -0.35  -62.6       3.80    0.42    0.54     ...?    G330.8521-0.3510    
 331.03  -0.43  -64.2       3.88    0.43    0.68     ...?    G331.0288-0.4308    
 331.06  -0.17  -90.8       9.29    0.53    0.60     ...?    G331.0605-0.1660    
 331.25  -0.45  -70.6       4.21    0.43    0.70     ...?    G331.2475-0.4493    
 331.35   0.18  -45.7      11.74    0.45    0.74     ...?    G331.3466+0.1807    
 331.49  -0.27  -96.6       8.93    0.63    0.52     ...?    G331.4942-0.2727    
 332.49  -0.12  -50.1      11.63    0.44    0.77     ...?    G332.4947-0.1215    
 332.52  -0.63  -50.8       3.22    0.43    1.00     ...?    G332.5244-0.6283    
 332.68  -0.01  -97.4       9.12    0.56    0.60     ...?    G332.6826-0.0082    
 332.72  -0.68  -46.2       2.99    0.44    1.00     ...?    G332.7154-0.6756    
 332.74  -0.62  -50.4       3.21    0.43    1.00     ...?    G332.7393-0.6211    
 332.76  -0.47  -53.1       3.37    0.43    0.79     ...?    G332.7570-0.4666    
 332.90  -0.55  -56.2       3.52    0.42    0.91     ...?    G332.8975-0.5488    
 333.01  -0.53  -53.2       3.38    0.43    0.90     ...?    G333.0138-0.5339    
 333.01  -0.52  -53.2       3.38    0.43    0.88     ...?    G333.0142-0.5213    
 333.02  -0.75  -55.7       3.47    0.42    1.00     ...?    G333.0150-0.7511    
 333.02  -0.50  -56.4       3.54    0.42    0.84     ...?    G333.0151-0.4964    
 333.16  -0.44  -52.6       3.36    0.43    0.74     ...?    G333.1639-0.4413    
 333.17  -0.43  -50.8       3.27    0.43    0.72     ...?    G333.1700-0.4303    
 333.18  -0.40  -50.5       3.26    0.43    0.65     ...?    G333.1797-0.3958    
 333.24  -0.51  -48.9       3.17    0.43    0.89     ...?    G333.2418-0.5148    
 333.28  -0.48  -55.6       3.51    0.42    0.82     ...?    G333.2770-0.4846    
 333.45  -0.18  -43.9      12.04    0.45    0.74     ...?    G333.4489-0.1822    
 333.48  -0.22  -49.4      11.75    0.44    0.68     ...?    G333.4800-0.2243    
 333.48  -0.25  -50.4      11.69    0.44    0.64     ...?    G333.4826-0.2468    
 333.50  -0.12  -45.9      11.95    0.45    0.79     ...?    G333.4974-0.1154    
 333.51  -0.24  -49.1      11.76    0.44    0.66     ...?    G333.5081-0.2398    
 333.57   0.03  -84.9       9.97    0.44    0.67     ...?    G333.5685+0.0292    
 333.64   0.38  -35.3       2.49    0.46    0.60     ...?    G333.6425+0.3764    
 333.66   0.06  -84.2      10.01    0.44    0.67     ...?    G333.6563+0.0587    
 333.67  -0.35  -48.0       3.15    0.43    0.54     ...?    G333.6688-0.3480    
 333.67  -0.36  -48.0       3.15    0.43    0.56     ...?    G333.6708-0.3575    
 333.68  -0.26  -48.1      11.83    0.44    0.64     ...?    G333.6827-0.2555    
 333.70  -0.21  -47.3      11.88    0.44    0.70     ...?    G333.6987-0.2122    
 333.77   0.35  -33.3       2.38    0.46    0.52     ...?    G333.7656+0.3477    
 335.59   0.18  -50.1      11.88    0.44    0.71     ...?    G335.5915+0.1836    
 336.47  -0.20  -24.3      13.44    0.55    0.80     ...?    G336.4689-0.2023    
 336.74   0.11  -76.3      10.66    0.41    0.68     ...?    G336.7428+0.1078    
 336.75  -0.22  -96.9       9.60    0.46    0.56     ...?    G336.7536-0.2204    
 336.82   0.13  -82.5      10.36    0.41    0.65     ...?    G336.8177+0.1268    
 336.83   0.14  -81.6      10.40    0.41    0.65     ...?    G336.8253+0.1397    
 336.83   0.13  -79.9      10.48    0.41    0.66     ...?    G336.8315+0.1307    
 337.16   0.11  -73.9      10.80    0.40    0.69     ...?    G337.1617+0.1113    
 337.21  -0.07  -67.2      11.12    0.41    0.72     ...?    G337.2059-0.0742    
 337.29   0.01 -105.8       9.12    0.56    0.58     ...?    G337.2860+0.0083    
 337.35  -0.16  -72.7      10.87    0.41    0.71     ...?    G337.3478-0.1584    
 337.72   0.06  -75.2      10.75    0.40    0.66     ...?    G337.7195+0.0645    
 337.81   0.01 -123.3       7.80    0.81    1.00     3kN     G337.8120+0.0086    
 337.99   0.02  -45.7      12.25    0.46    0.77     ...?    G337.9882+0.0237    
 338.38   0.01  -39.2      12.64    0.49    0.80     ...?    G338.3843+0.0118    
 338.45  -0.01  -49.2      12.09    0.45    0.78     ...?    G338.4460-0.0064    
 338.46   0.02  -41.0      12.54    0.48    0.79     ...?    G338.4598+0.0239    
 338.62   0.02  -23.0      13.68    0.58    0.87     ...?    G338.6209+0.0228    
 338.79   0.48  -64.6       4.25    0.41    0.93     ...?    G338.7851+0.4767    
 338.87  -0.48  -36.5       2.81    0.48    0.66     ...?    G338.8688-0.4796    
 338.93  -0.08  -46.1      12.28    0.46    0.80     ...?    G338.9293-0.0802    
 339.05  -0.18 -115.9       8.60    0.58    0.55     ...     G339.0510-0.1841    
 339.21  -0.66  -41.9       3.11    0.46    1.00     ...?    G339.2067-0.6594    
 339.26  -0.01 -105.9       9.24    0.53    0.58     ...?    G339.2580-0.0069    
 339.31   0.23  -70.0       4.58    0.40    0.50     ...?    G339.3148+0.2296    
 339.97  -0.16  -35.7      12.91    0.52    0.79     ...?    G339.9677-0.1632    
 340.21  -0.05 -121.3       7.93    0.86    1.00     3kN     G340.2060-0.0496    
 340.22  -0.17  -52.8      11.92    0.44    0.63     ...?    G340.2230-0.1681    
 340.24  -0.16  -52.2      11.95    0.44    0.65     ...?    G340.2401-0.1581    
 340.25  -0.23  -47.1      12.21    0.45    0.55     ...?    G340.2545-0.2261    
 340.27  -0.16  -51.6      11.98    0.44    0.65     ...?    G340.2664-0.1570    
 340.28  -0.40  -50.5       3.68    0.44    0.83     ...?    G340.2841-0.4013    
 340.37  -0.39  -43.4       3.31    0.46    0.83     ...?    G340.3736-0.3904    
 341.01  -0.36  -44.5       3.43    0.46    0.77     ...?    G341.0096-0.3595    
 341.18  -0.28  -44.1       3.43    0.46    0.57     ...?    G341.1806-0.2769    
 341.72   0.06  -51.7      12.01    0.45    0.77     ...?    G341.7206+0.0591    
 344.09  -0.64  -25.6       2.49    0.58    1.00     ...?    G344.0948-0.6416    
 344.15  -0.62  -23.7       2.37    0.59    1.00     ...?    G344.1469-0.6158    
 345.56   0.02  -16.7       1.37    0.14    0.88     ...?    G345.5554+0.0239    
 347.66   0.23  -93.8       9.51    0.41    0.62     ...     G347.6622+0.2264    
 347.68   0.20  -73.1      10.46    0.39    0.64     ...     G347.6783+0.2039    
 349.17   0.13  -60.7      10.88    0.44    0.61     ...     G349.1665+0.1308    
 349.18   0.12  -60.7      10.88    0.44    0.62     ...     G349.1770+0.1247    
 350.76   0.79   -5.0       1.34    0.14    1.00     ...?    G350.7599+0.7918    
 350.77   0.80   -4.9       1.34    0.14    1.00     ...?    G350.7733+0.7956    
 350.82   0.51   -0.4       1.34    0.13    0.75     ...?    G350.8162+0.5146    
 350.92   0.74   -4.1       1.34    0.14    0.81     ...?    G350.9224+0.7443    
 351.02   0.74   -4.3       1.34    0.14    0.84     ...?    G351.0167+0.7356    
 351.13   0.77   -5.6       1.35    0.14    0.88     ...?    G351.1314+0.7709    
 351.14   0.76   -5.9       1.35    0.14    0.88     ...?    G351.1402+0.7551    
 351.14   0.78   -6.1       1.35    0.14    0.90     ...?    G351.1414+0.7764    
 351.15   0.77   -6.6       1.35    0.14    1.00     ...?    G351.1510+0.7656    
 351.16   0.75   -7.6       1.35    0.14    1.00     ...?    G351.1588+0.7490    
 351.17   0.63   -4.3       1.34    0.14    0.70     ...?    G351.1734+0.6330    
 351.18   0.65   -4.3       1.34    0.14    0.73     ...?    G351.1785+0.6452    
 351.18   0.57   -4.7       1.35    0.14    0.56     ...?    G351.1821+0.5734    
 351.19   0.58   -4.7       1.35    0.14    0.59     ...?    G351.1914+0.5841    
 351.47   0.68   -2.7       1.34    0.14    0.74     ...?    G351.4659+0.6821    
 351.47   0.59   -4.3       1.35    0.14    0.70     ...?    G351.4680+0.5865    
 351.50   0.65   -3.8       1.34    0.14    0.76     ...?    G351.4968+0.6453    
 351.50   0.66   -4.5       1.35    0.14    0.81     ...?    G351.4981+0.6634    
 351.51   0.64   -3.8       1.34    0.14    0.76     ...?    G351.5089+0.6415    
 351.53   0.69   -3.2       1.34    0.14    0.79     ...?    G351.5290+0.6939    
 351.55   0.18  -40.8      11.64    0.60    0.71     ...     G351.5471+0.1847    
 351.55   0.69   -3.0       1.34    0.14    0.77     ...?    G351.5508+0.6942    
 351.57   0.61   -2.7       1.34    0.14    0.67     ...?    G351.5663+0.6068    
 351.57   0.76   -2.7       1.34    0.14    0.79     ...?    G351.5719+0.7631    
 352.06   0.60    0.9      18.47    1.43    0.53     ...?    G352.0609+0.6004    
 352.57  -0.19  -85.4       7.64    0.39    0.51     ...     G352.5730-0.1914    
 352.96   0.38   -2.7       1.35    0.14    0.86     ...?    G352.9633+0.3817    
 352.97   0.92   -4.8       1.35    0.14    1.00     ...?    G352.9722+0.9249    
 353.01   0.98   -4.2       1.34    0.14    1.00     ...?    G353.0114+0.9828    
 353.02   0.97   -4.2       1.34    0.14    1.00     ...?    G353.0195+0.9750    
 353.03   0.57   -2.1       1.34    0.14    1.00     ...?    G353.0325+0.5659    
 353.04   0.69   -4.4       1.35    0.14    1.00     ...?    G353.0427+0.6905    
 353.05   0.68   -3.5       1.35    0.14    1.00     ...?    G353.0536+0.6812    
 353.07   0.50   -3.3       1.35    0.14    1.00     ...?    G353.0701+0.5051    
 353.08   0.42    1.7       1.34    0.14    0.56     ...?    G353.0785+0.4196    
 353.09   0.97   -4.6       1.35    0.14    1.00     ...?    G353.0919+0.9713    
 353.28   0.85   -5.3       1.35    0.14    1.00     ...?    G353.2777+0.8504    
 353.31   0.66   -3.5       1.35    0.14    1.00     ...?    G353.3096+0.6616    
 353.43  -0.19  -82.6       8.80    0.38    0.55     ...     G353.4298-0.1939    
 353.57  -0.08  -56.7       9.99    0.45    0.64     ...     G353.5734-0.0798    
 354.94  -0.54   -5.5       1.35    0.13    0.47     ...?    G354.9437-0.5381    
 355.26   0.36   71.1       5.43    0.21    0.29     ...?    G355.2569+0.3646    
 356.23   0.71  113.2       5.36    1.16    0.51     ...?    G356.2261+0.7052    
 358.57  -0.31   -4.2      18.29    2.10    0.38     ...?    G358.5723-0.3058    
 358.65  -0.79    3.5      23.03    4.12    0.60     ...??   G358.6500-0.7941    
 359.36  -0.01 -102.9       9.72    2.37    0.50     ...?    G359.3608-0.0077    
 359.62   0.02  -75.2       5.20    0.23    0.45     3kN     G359.6246+0.0235    
 359.69  -0.07   12.1      14.85    2.36    0.73     ...?    G359.6930-0.0658    
 359.74   0.03   79.1      12.62    4.59    0.87     ...?    G359.7426+0.0302    
 359.85  -0.33   14.9       2.82    0.22    0.50     ...?    G359.8514-0.3319    
